  9.83000000
  9.01000000
  8.42000000
  7.87000000
  7.43000000
  7.08000000
  6.77000000
  6.53000000
  6.33000000
  6.17000000
  6.05000000
  5.95000000
  5.86000000
  5.80000000
  5.76000000
  5.75000000
  5.74000000
  5.75000000
  5.80000000
  5.87000000
  5.95000000
  6.04000000
  6.12000000
  6.22000000
  6.30000000
  6.39000000
  6.49000000
  6.57000000
  6.66000000
  6.74000000
  6.83000000
  6.90000000
  6.99000000
  7.07000000
  7.17000000
  7.27000000
  7.37000000
  7.48000000
  7.57000000
  7.67000000
  7.85000000
  8.03000000
  8.21000000
  8.40000000
  8.60000000
  8.75000000
  8.90000000
  9.04000000
  9.19000000
  9.36000000
  9.53000000
  9.76000000
  9.97000000
 10.15000000
 10.46000000
 10.73000000
 11.07000000
 11.32000000
 11.57000000
 11.93000000
 12.24000000
 12.57000000
 12.93000000
 13.26000000
 13.56000000
 13.83000000
 14.08000000
 14.32000000
 14.54000000
 14.76000000
 14.96000000
 15.16000000
 15.35000000
 15.53000000
 15.70000000
 15.86000000
 16.01000000
 16.15000000
 16.29000000
 16.41000000
 16.53000000
 16.63000000
 16.73000000
 16.82000000
 16.90000000
 16.97000000
 17.03000000
 17.22000000
 18.46000000
 20.04000000
 21.61000000
 23.16000000
 24.71000000
 25.50000000
 25.50000000
 25.50000000
 25.50000000
 25.50000000
 25.50000000
 25.50000000
