  0.00000000
  0.00116794
  0.00233587
  0.00386818
  0.00554959
  0.00747855
  0.00981086
  0.01243008
  0.01538818
  0.01879037
  0.02228815
  0.02641851
  0.03137945
  0.03776213
  0.04402214
  0.04980331
  0.05600203
  0.06733487
  0.08057032
  0.09380577
  0.10656768
  0.11776613
  0.12742939
  0.13891207
  0.14818032
  0.15734368
  0.16650705
  0.17434039
  0.18217373
  0.18947153
  0.19676933
  0.20302469
  0.21018717
  0.21629524
  0.22370803
  0.23112081
  0.23835928
  0.24559774
  0.25155188
  0.25814064
  0.26940754
  0.28006588
  0.29025765
  0.30015611
  0.30998223
  0.31723783
  0.32449342
  0.33049983
  0.33722214
  0.34427859
  0.35133504
  0.36014389
  0.36895273
  0.37619298
  0.38846891
  0.39854174
  0.41118969
  0.42015788
  0.42912607
  0.44216510
  0.45310125
  0.46490161
  0.47832839
  0.49071402
  0.50215086
  0.51320998
  0.52393770
  0.53443267
  0.54477884
  0.55533224
  0.56596107
  0.57684691
  0.58787829
  0.59922044
  0.61076506
  0.62264434
  0.63478689
  0.64729627
  0.66010002
  0.67328797
  0.68678402
  0.70066227
  0.71492394
  0.72946198
  0.74426728
  0.75940689
  0.77485684
  0.79058192
  0.80636642
  0.82614648
  0.84529595
  0.86392881
  0.88226123
  0.90048751
  0.91781879
  0.93484054
  0.95216960
  0.96981121
  0.98777660
  1.00000000
